465 
8573 
7381 
4795 
1181 
1757 
4111 
1851 
723 
4565 
5683 
4741 
1283 
7715 
4521 
1269 
4947 
7683 
8479 
4439 
8449 
4419 
8107 
8277 
9257 
8499 
5943 
5469 
3877 
2047 
5815 
9107 
6707 
4267 
8677 
4715 
327 
953 
8199 
8397 
5211 
1349 
3193 
4901 
9749 
8971 
3329 
9869 
6899 
5159 
7931 
9575 
9895 
1867 
1565 
4235 
2601 
1669 
2597 
2937 
2837 
1849 
6305 
9341 
5305 
6845 
6297 
4543 
5253 
1607 
3819 
8177 
1239 
1523 
8203 
7511 
5807 
1453 
5599 
263 
3859 
6893 
4639 
3629 
2101 
3049 
1155 
9783 
2567 
7461 
2419 
1405 
9155 
4881 
3865 
6091 
3745 
7469 
5083 
8483 
2021 
3699 
6011 
571 
9883 
3645 
1213 
6097 
7119 
3757 
6593 
7095 
807 
3199 
511 
9195 
9127 
5681 
9083 
2345 
2287 
6231 
1291 
4501 
8517 
2179 
5929 
4533 
8941 
609 
6401 
3475 
9125 
2379 
8573 
9115 
7307 
3041 
4585 
2803 
7463 
9561 
8341 
9587 
3269 
1259 
8611 
3011 
133 
6447 
7567 
4391 
7281 
7935 
2793 
4809 
3125 
8919 
6567 
9429 
3203 
5183 
2389 
5923 
9823 
6605 
8171 
4345 
8551 
7635 
7357 
633 
9475 
6569 
885 
1761 
9621 
8443 
9339 
8945 
9811 
4817 
7589 
2377 
1729 
1779 
573 
8817 
1557 
207 
9923 
1205 
3385 
7253 
9077 
6521 
367 
9999 
8069 
9125 
7223 
8953 
9615 
4009 
7273 
6659 
7209 
6929 
4985 
85 
4033 
6751 
7485 
807 
1377 
8023 
5183 
8329 
1511 
2439 
7619 
8515 
637 
3713 
9975 
2319 
5029 
8903 
7313 
3279 
4903 
5535 
7567 
6429 
1931 
8451 
2275 
5731 
627 
5603 
8915 
2753 
633 
8661 
9213 
8189 
633 
4265 
877 
8197 
4151 
553 
4051 
4947 
8423 
4911 
9889 
3847 
8641 
8767 
8887 
1073 
85 
6455 
619 
7129 
1121 
9403 
9347 
4837 
359 
7429 
6935 
195 
4233 
7347 
4149 
7377 
797 
2131 
1603 
9667 
279 
65 
1083 
1089 
8531 
517 
7241 
91 
459 
3319 
5299 
8779 
9779 
455 
9203 
879 
2959 
277 
7747 
8311 
159 
6149 
1409 
1463 
2507 
2647 
9409 
993 
7149 
6643 
1479 
7521 
4349 
4363 
3627 
861 
6535 
4937 
5993 
475 
7241 
6697 
2511 
1653 
8317 
1165 
1725 
1147 
3033 
9239 
4681 
9753 
3557 
5583 
7653 
4369 
663 
3683 
1641 
5711 
9927 
5367 
2941 
9593 
2991 
1139 
1077 
1631 
6575 
6021 
7651 
2627 
6205 
217 
1009 
8279 
2769 
2947 
7103 
77 
383 
5537 
1649 
8261 
7719 
4029 
3619 
6747 
7061 
3041 
887 
9055 
9907 
3051 
5993 
8463 
4271 
6895 
2093 
6719 
7139 
8047 
3599 
5165 
2615 
7299 
8497 
4129 
9975 
7969 
2465 
1785 
2089 
1801 
6193 
7311 
4715 
4085 
7039 
5617 
7941 
1549 
6357 
2793 
4407 
2903 
733 
4089 
2559 
3361 
4077 
1987 
267 
4135 
2435 
5499 
2979 
7019 
2877 
7307 
4751 
1067 
4861 
9407 
2507 
2319 
6691 
3159 
59 
4993 
5065 
7505 
8699 
9773 
7887 
9609 
85 
1991 
4109 
2957 
9695 
7155 
2489 
3665 
1735 
4655 
1929 
9733 
1065 
8229 
2415 
8757 
8481 
9383 
3813 
7747 
4537 
695 
4033 
9013 
3331 
7265 
455 
5151 
6957 
9959 
5011 
1289 
1419 
5847 
5375 
2749 
1715 
2723 
7751 
1689 
6713 
3239 
8789 
8823 
1891 
4271 
3261 
5125 
2959 
643 
5615 
5141 
853 
5067 
9123 
4837 
4829 
6983 
6057 
2477 
1557 
9629 
7711 
6249 
5893 
9081 
257 
8809 
5607 
2627 
2177 
9545 
2411 
2197 
5559 
9037 
9565 
2133 
4361 
7699 
9713 
2467 
9181 
3361 
9351 
2427 
6225 
7527 
2923 
4919 
6933 
4751 
8601 
6323 
689 
3127 
5343 
7319 
895 
9285 
3011 
7907 
3253 
6045 
9303 
5093 
9503 
5637 
7973 
8209 
4971 
7959 
1321 
7441 
979 
157 
765 
3113 
8377 
9051 
5035 
8321 
2255 
391 
1093 
687 
9707 
943 
3477 
6955 
4335 
7331 
8867 
787 
2879 
1785 
6893 
289 
8587 
8807 
9505 
5125 
8801 
4571 
8911 
1541 
9049 
6083 
531 
6745 
1805 
7311 
9937 
9871 
289 
9349 
9405 
4345 
6471 
9923 
1085 
9641 
5993 
9129 
5347 
7871 
2851 
8749 
1623 
9567 
9081 
2807 
709 
6369 
475 
169 
6063 
615 
1403 
8103 
7717 
9969 
7551 
2689 
3507 
6031 
3861 
5747 
2859 
817 
6797 
143 
8855 
6963 
3853 
1003 
4189 
431 
1139 
3941 
5745 
4143 
3811 
3557 
6189 
4601 
6157 
9569 
5429 
787 
9033 
4331 
2129 
143 
2693 
3757 
3339 
6703 
213 
8181 
8345 
8913 
751 
9493 
623 
717 
1795 
4557 
6435 
963 
7293 
8513 
285 
927 
9969 
5833 
7109 
313 
1087 
9387 
8019 
9639 
1435 
3475 
8461 
3643 
3829 
4079 
3645 
3405 
9377 
6541 
4249 
703 
6741 
3035 
2239 
569 
1159 
9521 
9687 
8037 
2857 
7763 
179 
9785 
397 
1759 
4929 
5035 
37 
9123 
2847 
3449 
6021 
9917 
8045 
4605 
4165 
7593 
7355 
1197 
603 
7555 
667 
2505 
4569 
3733 
9445 
7157 
7615 
7129 
4893 
6433 
7079 
6083 
4271 
3449 
8853 
7125 
6655 
6343 
2719 
3895 
6339 
3847 
1081 
4597 
8535 
3975 
147 
3037 
4119 
5839 
7381 
8475 
9367 
5129 
9601 
4959 
7401 
1489 
8311 
3311 
2453 
2339 
335 
4833 
5999 
831 
499 
887 
9293 
5271 
7385 
6595 
473 
9645 
2455 
5341 
2267 
5265 
6273 
2989 
6465 
5929 
6627 
3575 
4431 
5009 
3933 
6621 
7615 
79 
4731 
8445 
2009 
417 
2971 
3841 
5087 
7907 
3063 
9701 
845 
7767 
9441 
8101 
9009 
4097 
8047 
4953 
3873 
1337 
5115 
6785 
1903 
6741 
1255 
9487 
6741 
7033 
3427 
4281 
7593 
553 
981 
9691 
1923 
6963 
3759 
4765 
4233 
8477 
7565 
3715 
4057 
7701 
9449 
8593 
6929 
9191 
1563 
2541 
4031 
3627 
7581 
6785 
3549 
6643 
4573 
3569 
5497 
8177 
1491 
8259 
2691 
3525 
7487 
3137 
4225 
6979 
2433 
3825 
6817 
9749 
6887 
8369 
4055 
9835 
447 
8259 
3437 
6805 
469 
9863 
5695 
3113 
1529 
2977 
9817 
8991 
8669 
1937 
1287 
6601 
5789 
5805 
427 
5523 
943 
8129 
6359 
7253 
6473 
5109 
5289 
259 
3737 
489 
4417 
4853 
7161 
7443 
2909 
3319 
8131 
7399 
7291 
4947 
2489 
3137 
1569 
7365 
4525 
3531 
5863 
6733 
5925 
3041 
1861 
257 
1359 
7851 
6191 
9487 
7581 
9091 
2799 
3619 
589 
387 
9383 
6205 
207 
4079 
2065 
9989 
9885 
7053 
3883 
9565 
1245 
3733 
9301 
4573 
6083 
8855 
879 
7431 
3673 
3989 
8647 
1781 
1381 
9377 
7663 
2665 
9755 
5051 
5705 
9427 
8455 
6137 
7737 
5729 
6599 
2159 
2605 
7005 
2585 
1839 
4047 
3313 
7741 
2971 
8507 
4265 
9447 
4989 
4437 
5133 
9691 
3989 
3975 
4249 
2949 
8681 
5647 
319 
3623 
9163 
299 
3829 
1075 
6289 
1365 
997 
6069 
75 
967 
2247 
6587 
7727 
2379 
8019 
5771 
4567 
1073 
4723 
4547 
5699 
1975 
747 
5551 
4633 
4473 
8969 
5141 
4181 
657 
827 
4889 
5321 
89 
2165 
4471 
2295 
4761 
9621 
1141 
5099 
9549 
265 
3533 
325 
671 
5419 
6969 
4969 
6311 
6479 
2823 
4379 
589 
7357 
6873 
8607 
365 
8839 
7053 
5963 
7155 
247 
8843 
4967 
9027 
6331 
8385 
9291 
669 
1097 
8417 
9995 
45 
3957 
805 
1377 
1869 
6481 
1523 
7795 
5277 
467 
8909 
1911 
8661 
5223 
3715 
1881 
1627 
7401 
5163 
5597 
551 
5665 
7641 
6853 
6183 
6971 
8647 
2297 
6619 
7841 
5373 
5295 
8499 
2951 
7707 
2539 
5035 
7813 
3981 
1643 
6471 
1317 
1087 
5015 
2045 
9629 
4407 
431 
985 
7843 
5843 
8599 
3547 
2063 
8841 
2193 
4729 
3577 
5539 
8561 
7103 
6109 
7367 
7755 
4481 
6933 
9809 
6239 
4255 
2049 
1545 
6073 
9469 
8505 
1879 
3057 
9207 
5133 
7813 
649 
8279 
77 
5079 
3583 
3547 
8279 
3859 
729 
9139 
899 
8877 
409 
9421 
9243 
2917 
4079 
9495 
8319 
6185 
1297 
6661 
2623 
3409 
6753 
6131 
8567 
6537 
7681 
6871 
2129 
5115 
6627 
8025 
8669 
2951 
1293 
9223 
6623 
3799 
5967 
5491 
7651 
5891 
7221 
3187 
1073 
3253 
2339 
5689 
6037 
8543 
6411 
9073 
11 
6459 
7993 
4107 
3369 
8705 
6585 
9099 
8699 
7563 
2793 
9821 
7253 
9869 
7701 
843 
2659 
2913 
3589 
2439 
9711 
3435 
5735 
7787 
8481 
7269 
3099 
8277 
6295 
7275 
457 
4475 
6487 
3801 
479 
1713 
667 
8347 
7425 
5905 
4341 
9079 
8107 
8479 
6017 
4987 
2181 
6335 
7481 
3711 
4017 
4027 
7411 
8843 
3767 
4053 
5837 
903 
1803 
509 
6333 
1955 
2465 
6243 
105 
4221 
3261 
8163 
5957 
3471 
9395 
3825 
4471 
3725 
2237 
1269 
3017 
5199 
9117 
7915 
9371 
5595 
8413 
7343 
979 
4249 
6041 
8179 
2851 
9343 
1825 
6187 
9905 
2817 
5829 
4451 
5251 
3433 
8401 
9271 
2943 
1829 
8989 
3829 
1997 
1499 
4983 
595 
8773 
4345 
95 
413 
5743 
177 
4325 
4979 
1087 
8409 
9695 
5745 
3723 
6155 
9683 
4745 
6345 
2905 
2445 
9859 
2833 
9189 
9257 
6515 
9877 
4001 
1563 
1207 
8187 
2147 
7137 
3431 
3149 
8995 
5225 
9673 
6073 
5513 
8787 
865 
3391 
6145 
9831 
6217 
8799 
3905 
689 
8069 
7677 
6177 
5457 
471 
6473 
3843 
8475 
2723 
8865 
1145 
9575 
9055 
1623 
43 
8421 
8319 
5129 
7749 
8763 
3123 
1279 
5925 
5243 
1997 
1873 
1825 
591 
2759 
9849 
8403 
5581 
7951 
9491 
3117 
6345 
9359 
3411 
5561 
4175 
7495 
4705 
7481 
2387 
3469 
759 
1267 
3313 
3631 
6313 
3885 
8761 
3841 
7175 
9255 
2301 
5239 
5221 
8705 
1019 
707 
8851 
6569 
8945 
4833 
577 
1961 
9377 
2497 
1545 
8303 
3997 
2023 
6749 
3915 
9539 
9561 
5907 
5383 
2759 
8773 
1999 
4037 
565 
349 
5739 
5829 
135 
8401 
2465 
8279 
7857 
9607 
8317 
4315 
4037 
1861 
5347 
2877 
2393 
7113 
8739 
1653 
9167 
1865 
5463 
9561 
7059 
9563 
5291 
4817 
7153 
6115 
3713 
1187 
4307 
3421 
2531 
2211 
4165 
7271 
7263 
4123 
5737 
9711 
6299 
4169 
3067 
1025 
2831 
5485 
891 
3937 
7979 
3517 
4953 
3101 
8411 
5853 
3729 
2599 
1485 
2851 
5755 
4755 
7381 
5641 
5355 
8927 
9001 
8443 
5219 
2895 
5335 
6301 
607 
5379 
9827 
4427 
5289 
8647 
1725 
6539 
3517 
1897 
3477 
663 
4757 
7875 
6709 
9931 
1749 
893 
3599 
8111 
6103 
8161 
3871 
1995 
5983 
7889 
4579 
7685 
4997 
415 
9971 
9719 
5729 
7611 
3989 
9119 
1491 
4551 
9103 
781 
4703 
4535 
7781 
9451 
3019 
1679 
8263 
8359 
6913 
2677 
3451 
8037 
6645 
2381 
3145 
9547 
2919 
1819 
4659 
8475 
3551 
1247 
2399 
4511 
9759 
6527 
9103 
7807 
3183 
2171 
389 
7225 
6591 
5517 
905 
5327 
5573 
7185 
9353 
205 
2533 
6627 
3587 
177 
8821 
507 
553 
6257 
2017 
373 
401 
1053 
3655 
8163 
4297 
4281 
1641 
1101 
6765 
6437 
3251 
1245 
7905 
3489 
1361 
6071 
2059 
107 
1751 
6099 
1625 
3437 
1105 
1073 
2743 
7859 
1757 
1537 
1049 
1219 
2673 
8241 
8561 
2131 
8875 
961 
8307 
8753 
1383 
5225 
9905 
5305 
3347 
1689 
2601 
661 
8821 
2863 
1969 
8205 
9855 
4255 
7437 
113 
5711 
3109 
3337 
505 
7973 
6823 
453 
1025 
301 
8387 
6113 
7113 
8211 
2837 
8895 
2731 
5895 
4109 
6485 
4559 
8577 
7671 
7001 
5121 
8149 
1941 
9111 
5817 
2003 
1919 
2547 
4127 
4523 
9979 
6751 
9727 
2643 
3671 
9585 
3633 
4319 
7315 
4261 
579 
67 
3855 
8097 
9607 
6397 
8025 
2989 
4243 
7409 
9575 
1113 
9957 
4415 
4921 
1749 
1667 
6181 
187 
9061 
1863 
7583 
9101 
8365 
8825 
6369 
5413 
831 
6167 
3181 
817 
4947 
1479 
9123 
4767 
5707 
7133 
8379 
7031 
919 
2887 
2447 
1377 
2639 
1127 
3061 
3229 
6613 
9241 
8775 
6647 
5091 
7723 
5621 
657 
5019 
4303 
585 
2303 
8489 
3505 
1689 
5245 
5889 
8955 
2195 
6455 
2139 
7965 
4467 
8373 
7179 
4739 
2363 
2353 
2845 
7241 
2573 
2549 
5939 
5301 
3573 
4159 
1013 
7989 
5311 
6125 
7341 
2565 
7287 
3719 
7179 
7287 
4981 
9675 
9885 
8757 
2525 
2785 
4801 
8589 
5235 
4041 
1765 
6517 
3711 
9371 
3571 
3225 
9045 
973 
3529 
9679 
8725 
4655 
7265 
3715 
3503 
5883 
831 
3457 
3425 
2765 
2681 
6373 
4097 
9463 
5819 
5575 
4415 
1561 
3451 
6243 
4059 
9279 
5211 
3615 
689 
7215 
5539 
5253 
965 
149 
6513 
1317 
2031 
3689 
7651 
4189 
653 
617 
583 
3585 
4707 
5355 
2655 
6839 
7159 
3005 
8693 
8093 
7917 
6861 
2237 
8269 
9373 
117 
779 
8781 
7661 
5547 
4349 
3949 
4383 
8519 
5941 
2923 
1083 
6025 
7861 
8545 
6211 
2637 
7117 
6335 
1825 
1413 
8223 
5523 
9495 
1633 
287 
3299 
607 
4675 
2389 
8583 
5367 
7479 
4851 
1247 
6525 
9179 
7959 
6053 
8353 
6245 
8507 
4407 
4647 
3115 
8431 
2067 
3183 
449 
5491 
8179 
8529 
1701 
5981 
3645 
2497 
6191 
2461 
7535 
6023 
8215 
9657 
1345 
6117 
5309 
5635 
9201 
8719 
8785 
6459 
5639 
1295 
8055 
4563 
2187 
4957 
9347 
8885 
4637 
9355 
2543 
3531 
8269 
7567 
6771 
8821 
1463 
1033 
205 
9777 
4927 
2989 
2091 
723 
3533 
1247 
8431 
6629 
3321 
7675 
1475 
7947 
251 
2683 
4303 
1497 
2149 
9299 
5593 
3937 
2277 
525 
4715 
8711 
697 
4945 
3925 
8809 
7809 
5331 
3613 
517 
1693 
8293 
9103 
5569 
2479 
6367 
7215 
8133 
4113 
6551 
5351 
5393 
7111 
2687 
4423 
7033 
9363 
5207 
7369 
455 
6111 
3913 
3891 
7849 
8889 
377 
5233 
8921 
8665 
7481 
9385 
7645 
1773 
2247 
8149 
8937 
1909 
8263 
9485 
5681 
7395 
6835 
3563 
3025 
753 
3047 
3855 
8785 
9883 
7581 
3183 
1043 
197 
1369 
9831 
4201 
8187 
2291 
4563 
607 
5991 
3683 
1651 
1421 
5675 
8215 
5211 
4579 
7773 
2585 
2915 
9191 
4639 
9533 
8149 
7081 
5679 
6509 
8585 
6759 
9209 
5237 
1315 
5271 
1209 
9703 
9485 
1321 
4091 
3605 
4479 
5053 
9467 
2189 
2403 
6065 
8167 
4905 
525 
9663 
1119 
6631 
8077 
9265 
8707 
6913 
1375 
975 
2757 
7499 
3379 
5 
1755 
5465 
3861 
1589 
3853 
557 
4183 
7927 
273 
9339 
9851 
2117 
2511 
7763 
3801 
2931 
995 
2075 
7839 
437 
3747 
113 
8601 
4209 
7485 
4277 
7877 
5509 
3917 
6241 
709 
671 
7883 
4701 
5603 
6747 
881 
7723 
1137 
923 
7237 
8067 
3547 
2555 
9935 
6467 
8405 
9111 
2435 
4745 
7587 
961 
993 
1171 
7749 
9291 
2673 
1827 
7129 
5109 
4241 
3865 
2191 
2271 
4451 
2151 
7837 
8653 
6075 
4723 
3297 
2799 
3147 
359 
4791 
5869 
2395 
8531 
2129 
1495 
7893 
5937 
9539 
2487 
2899 
7057 
1339 
7909 
8313 
3039 
9163 
1879 
8835 
2351 
4141 
3727 
9207 
9027 
1857 
7945 
7649 
6571 
3565 
391 
3993 
9743 
6229 
7291 
9383 
2143 
669 
5049 
7789 
9007 
6731 
7735 
3069 
1191 
2325 
3843 
2931 
111 
1621 
4945 
6163 
3897 
1609 
9309 
3745 
3153 
2917 
3867 
9529 
1089 
5139 
9137 
3171 
2153 
3875 
9531 
6473 
3807 
9805 
3331 
4177 
2481 
5995 
4523 
2261 
7165 
2415 
8983 
7075 
763 
4243 
4905 
2835 
8917 
8091 
49 
869 
4373 
7723 
8765 
4557 
8351 
9133 
1987 
2037 
2269 
8691 
9265 
3955 
9769 
2475 
2191 
107 
427 
8663 
9591 
5093 
7879 
4953 
2139 
5515 
3187 
7103 
6281 
3855 
9783 
7633 
5819 
8875 
3447 
9615 
4935 
9477 
6213 
6963 
7151 
1031 
9923 
575 
1757 
1967 
9423 
5739 
7301 
1465 
8441 
8687 
1305 
9513 
6733 
9565 
9797 
6479 
2903 
1369 
2853 
6039 
9097 
557 
9333 
8211 
6415 
7471 
9385 
1639 
1443 
3189 
7585 
2849 
3551 
6371 
1067 
4255 
6991 
7117 
3603 
3555 
7415 
8157 
1457 
8651 
9651 
323 
4577 
3227 
6383 
3785 
4471 
8493 
4931 
2101 
8133 
4701 
1879 
8253 
6915 
7879 
9931 
8621 
9467 
6851 
2513 
1735 
5307 
9323 
3857 
3153 
3387 
4481 
1919 
4425 
8147 
3951 
6015 
6257 
4979 
395 
2873 
3539 
7401 
7059 
6653 
6971 
1929 
1847 
2743 
4307 
1729 
6745 
821 
7185 
1797 
4237 
3235 
9049 
3933 
2371 
8049 
3925 
7613 
7297 
1637 
1855 
229 
4021 
8673 
8001 
1559 
6577 
2109 
5189 
2437 
5653 
2059 
7773 
109 
1017 
5201 
5477 
8739 
3577 
8089 
8197 
689 
5805 
3081 
4821 
9737 
2881 
2405 
5227 
9725 
383 
1107 
8561 
7849 
9077 
535 
1839 
9285 
6805 
3669 
7817 
4851 
4271 
1315 
3977 
125 
8309 
1259 
4307 
4735 
483 
9753 
8681 
3935 
5787 
3687 
7659 
8151 
6697 
5983 
4313 
5561 
8429 
1879 
5467 
3513 
4373 
4679 
1601 
1631 
4753 
7933 
6499 
1841 
8483 
5831 
2439 
2583 
8867 
5305 
2337 
1105 
8649 
997 
1515 
9461 
4335 
4155 
6837 
8329 
2547 
4737 
9599 
6595 
5763 
1921 
5713 
573 
8637 
9043 
1853 
4001 
9317 
3495 
3703 
8689 
8883 
6471 
6581 
9081 
8067 
6789 
6785 
7431 
2011 
4311 
775 
8523 
3509 
553 
6957 
301 
1579 
9359 
9561 
569 
7515 
4179 
4333 
8997 
7145 
2823 
3709 
7627 
8613 
7347 
8777 
1083 
5137 
6925 
6019 
8281 
9743 
5223 
2125 
2529 
4083 
8795 
495 
1189 
1833 
9279 
1235 
937 
4493 
8463 
6583 
7393 
2489 
569 
3515 
2191 
9875 
6541 
9423 
7615 
2489 
6427 
8363 
6211 
1437 
2505 
4939 
9463 
47 
5157 
2359 
89 
8449 
2803 
2093 
6915 
6825 
2873 
5297 
4475 
3227 
2623 
251 
9311 
8225 
1603 
3475 
6521 
8261 
6745 
9543 
7539 
7115 
3921 
449 
6487 
1761 
521 
3011 
7303 
4839 
6735 
3221 
5191 
9563 
2519 
9529 
4209 
9431 
1351 
881 
6391 
4889 
5097 
5593 
8769 
621 
29 
201 
3959 
9173 
2019 
7165 
1271 
1927 
1319 
9181 
9181 
5849 
6959 
6779 
2129 
1267 
2415 
4717 
7745 
1695 
1941 
3995 
463 
8885 
745 
3415 
5117 
1427 
5575 
4565 
4007 
8007 
6921 
7517 
8881 
1429 
1171 
5363 
3539 
5311 
8861 
6379 
1523 
6045 
3521 
659 
2197 
4489 
9105 
9413 
397 
1357 
4663 
9481 
107 
9471 
2097 
9101 
6117 
7255 
8275 
5135 
6599 
8601 
555 
8667 
4605 
6195 
4127 
9901 
3249 
8129 
4647 
9801 
3975 
7213 
2425 
1673 
6583 
5499 
2205 
4507 
3165 
7057 
4359 
5743 
2527 
7583 
3541 
6987 
3777 
6151 
1623 
9361 
9641 
2655 
847 
3265 
1145 
1987 
6507 
6545 
1975 
6869 
705 
1045 
6909 
2559 
5133 
9257 
9729 
7147 
1797 
2265 
6923 
8009 
1689 
7901 
5119 
7715 
3649 
3993 
3359 
5927 
3029 
7913 
1759 
1813 
1137 
7005 
4145 
2255 
8619 
2365 
2843 
8413 
7983 
6555 
6435 
6503 
8887 
445 
7025 
6945 
225 
5065 
3077 
4069 
9819 
4833 
4689 
4471 
2573 
4083 
8485 
6009 
2331 
7595 
313 
9077 
6729 
7271 
9823 
8463 
8093 
701 
9783 
1141 
8971 
2687 
897 
4717 
8351 
9471 
4219 
2799 
8261 
8585 
9787 
6887 
9031 
3355 
4007 
1545 
9755 
467 
6047 
6635 
9601 
5813 
4507 
9693 
7507 
4519 
6707 
2673 
1505 
5275 
4785 
3743 
3239 
7573 
7567 
4861 
5181 
133 
1777 
8197 
9259 
4601 
2199 
4047 
7169 
6255 
1941 
629 
7983 
7441 
2363 
661 
4023 
4785 
6879 
1165 
5957 
7667 
4179 
2261 
1257 
9951 
8465 
1633 
4265 
2471 
497 
4733 
5571 
1557 
6855 
6923 
7197 
7319 
7419 
8799 
6413 
6883 
7229 
9707 
181 
9347 
6235 
2987 
5129 
3347 
4509 
673 
5909 
9247 
5751 
375 
5253 
5271 
2313 
9831 
8303 
1333 
2211 
9959 
5697 
2579 
6157 
2167 
6755 
3459 
8893 
8735 
7249 
2717 
3339 
2279 
8749 
269 
6881 
4703 
5425 
7141 
6623 
5291 
167 
4275 
2775 
4729 
1931 
6233 
9883 
4513 
743 
8165 
4165 
5929 
343 
3525 
7063 
7105 
423 
2105 
6065 
1561 
3553 
469 
9671 
4533 
877 
9119 
9005 
2027 
8353 
7243 
2671 
5633 
2115 
6081 
8015 
5233 
9943 
4543 
4173 
7351 
2223 
7923 
5725 
1025 
509 
2309 
7373 
6289 
8433 
1827 
7033 
3183 
1555 
7633 
697 
5047 
373 
9519 
3175 
6933 
6693 
4191 
4695 
7401 
5441 
2585 
4699 
319 
1255 
4177 
9143 
8373 
8089 
4883 
5497 
673 
7199 
4487 
6267 
8117 
5605 
5367 
9927 
2569 
6209 
7439 
7823 
2519 
1303 
511 
7895 
8231 
2177 
6543 
1729 
3915 
1061 
7085 
6715 
3117 
7521 
9027 
299 
2191 
6259 
7667 
1365 
2037 
6563 
8717 
6899 
2753 
2827 
8239 
8697 
2315 
7505 
8047 
9419 
5983 
5779 
2111 
6765 
9967 
9791 
6883 
5285 
6509 
7307 
4141 
6057 
5771 
6619 
5899 
2421 
3937 
9467 
9499 
2609 
9403 
1009 
5749 
2103 
1665 
8751 
337 
1225 
5937 
3087 
2633 
9513 
801 
901 
7331 
7585 
1887 
1189 
6483 
5603 
3431 
2281 
705 
5789 
8921 
4369 
4727 
5055 
6717 
395 
2933 
41 
7503 
1201 
7293 
5819 
4997 
8077 
1989 
2309 
7397 
5069 
9643 
5019 
1049 
5531 
3235 
4211 
3431 
4067 
1031 
5413 
5759 
6523 
6231 
7457 
1519 
2975 
9323 
5343 
7285 
2031 
8075 
4413 
2145 
3075 
1389 
4751 
623 
657 
1061 
2457 
6989 
7571 
3443 
3817 
6791 
3297 
307 
8013 
2773 
6287 
7285 
4747 
5465 
2959 
3765 
9885 
5151 
9821 
4439 
2561 
8279 
9755 
5369 
5333 
3879 
7733 
1241 
8277 
9939 
163 
3303 
7651 
8553 
1771 
4307 
5401 
6691 
8975 
6623 
8893 
1171 
8163 
6811 
1967 
7883 
7505 
3447 
1575 
8545 
91 
4411 
8901 
4275 
8561 
5593 
4887 
7031 
2713 
871 
6895 
5533 
8891 
8339 
4153 
8081 
4877 
9351 
8525 
9723 
4685 
5253 
4193 
1069 
9315 
7113 
3263 
5095 
1871 
1591 
4029 
5867 
7659 
2997 
7531 
6961 
4217 
4921 
8359 
1733 
9313 
6225 
2557 
2335 
8483 
8531 
3133 
9037 
4305 
87 
5199 
9585 
8005 
5127 
3787 
5439 
6117 
8863 
1185 
417 
5461 
9423 
6499 
4055 
7543 
1901 
7879 
7103 
9915 
577 
6915 
4083 
1423 
7779 
2251 
687 
2311 
1409 
221 
6675 
3687 
4679 
2253 
3273 
1075 
7671 
5949 
9137 
2707 
9855 
2977 
2169 
3991 
73 
3337 
631 
8127 
1423 
1319 
2173 
2593 
2879 
5747 
5485 
4189 
1903 
3271 
4175 
413 
1 
9823 
281 
3701 
3951 
5943 
4695 
243 
5739 
5883 
1647 
8979 
6507 
6975 
883 
6751 
1407 
7123 
3461 
7777 
9957 
4491 
1627 
1255 
7259 
6003 
6255 
4163 
4905 
2913 
6495 
9807 
5609 
8629 
2137 
5287 
21 
1723 
829 
1419 
4147 
1807 
4423 
7859 
6713 
5611 
6301 
2711 
9713 
8237 
7151 
2159 
8929 
7289 
4895 
8769 
8785 
4863 
8747 
257 
8339 
6919 
695 
8129 
941 
2519 
2037 
3913 
2867 
7577 
2129 
1705 
9483 
6175 
6585 
7561 
3543 
3995 
9547 
9265 
9999 
3335 
6909 
4751 
4059 
6031 
349 
249 
2851 
133 
847 
3357 
9469 
7967 
9341 
8859 
6299 
193 
5597 
4701 
7389 
9081 
5747 
4407 
6717 
9213 
3091 
7365 
1689 
9727 
2487 
303 
4757 
8785 
5663 
7375 
4277 
7661 
7449 
5319 
7947 
5627 
3853 
7227 
3907 
8457 
8967 
9433 
5927 
1479 
4521 
4427 
6341 
8481 
4607 
3327 
679 
269 
6687 
2083 
4565 
5789 
5045 
5159 
4559 
4347 
4093 
4909 
2969 
55 
8499 
2531 
9955 
1107 
7871 
61 
8987 
5583 
5407 
669 
8857 
9923 
5599 
7213 
5335 
5111 
3119 
3665 
1775 
5317 
4891 
2793 
2037 
4439 
4495 
9949 
9463 
8961 
6659 
4433 
4851 
6351 
5481 
3863 
7223 
3249 
6831 
7903 
7239 
2247 
1751 
3553 
3773 
5667 
99 
9847 
1945 
3361 
1169 
5833 
8351 
1285 
7471 
2549 
8699 
6875 
1859 
6943 
3473 
3975 
233 
567 
6825 
2637 
9549 
7287 
3859 
4969 
9155 
7511 
3967 
3303 
7861 
413 
9741 
8789 
1713 
1685 
1607 
1583 
7717 
7883 
8297 
3949 
2311 
6903 
5793 
3519 
1319 
1193 
2689 
4683 
101 
1901 
4521 
2751 
557 
3777 
8099 
8123 
7329 
3545 
2943 
4489 
3889 
9689 
7643 
5519 
7399 
723 
8701 
2079 
6085 
7235 
7969 
7467 
229 
5993 
5977 
2017 
7757 
845 
4521 
2925 
1279 
465 
3833 
8133 
9509 
847 
4905 
1763 
6725 
1523 
1505 
9887 
2095 
9961 
1545 
1289 
6215 
9313 
9709 
7737 
6289 
6359 
9559 
5371 
6485 
6081 
4927 
2577 
5681 
6183 
6425 
8125 
8735 
5671 
3637 
7579 
3451 
4483 
6557 
5083 
827 
4317 
839 
5857 
9341 
423 
7823 
9631 
9433 
4607 
7303 
7867 
1781 
7023 
7637 
1229 
8267 
7985 
9785 
1467 
9653 
3365 
2751 
2729 
8921 
8297 
2511 
3015 
521 
123 
6897 
369 
8705 
3 
9689 
2071 
8925 
3077 
7801 
655 
1499 
5729 
337 
8951 
9499 
931 
6497 
7039 
1747 
7569 
6391 
8719 
2725 
7709 
4533 
387 
2183 
9107 
1915 
2389 
1433 
7531 
9427 
2631 
3877 
6769 
8249 
9811 
3203 
3933 
9383 
529 
3895 
6255 
4107 
8309 
1717 
1227 
2741 
7955 
615 
997 
2089 
3309 
2141 
5147 
437 
511 
7 
9719 
2129 
8469 
8839 
7687 
4569 
7859 
3177 
5389 
3091 
541 
629 
9829 
6253 
785 
907 
8713 
7973 
4167 
8503 
3729 
7745 
6771 
7321 
5949 
9069 
6641 
6657 
8049 
2605 
3531 
7977 
9151 
9151 
5921 
3291 
371 
1033 
5387 
1975 
9043 
981 
6003 
3241 
9005 
2005 
5295 
6895 
69 
2027 
4341 
3543 
9903 
2835 
7925 
9791 
6503 
5581 
8533 
5247 
4301 
8035 
7079 
6691 
4559 
1595 
423 
5739 
4001 
9113 
4545 
133 
2931 
2833 
8985 
3831 
5371 
199 
5861 
6073 
5081 
5013 
8105 
5573 
8169 
4507 
3903 
2643 
6769 
8053 
8739 
2281 
2197 
9463 
6093 
9873 
7683 
5569 
6173 
5501 
7335 
8791 
685 
1781 
7711 
9921 
4791 
2525 
4125 
4831 
4701 
2415 
5273 
7517 
9893 
7705 
4291 
5265 
2643 
3475 
3319 
1291 
6139 
4355 
4535 
8103 
3461 
159 
7637 
3123 
7155 
5751 
1477 
2373 
7489 
3055 
4781 
5797 
2551 
8631 
6663 
8539 
1099 
279 
9441 
7617 
4595 
7941 
9337 
4117 
8117 
6247 
9419 
6633 
5943 
6709 
9563 
8387 
7127 
4017 
7677 
8087 
209 
8921 
5797 
1835 
3125 
9833 
5633 
2833 
413 
1467 
361 
6161 
8403 
8163 
753 
501 
3057 
6513 
8619 
3179 
8117 
7933 
4487 
8867 
8985 
7177 
8077 
4169 
5677 
4529 
6755 
3587 
8285 
819 
8553 
9699 
9613 
5699 
4445 
4079 
3611 
1305 
5297 
9539 
6397 
3693 
4487 
7391 
6539 
8321 
241 
9719 
8853 
7047 
2739 
5607 
597 
4473 
1711 
8505 
5823 
6877 
7195 
5617 
7941 
3973 
7129 
7305 
1961 
6135 
5109 
6817 
6735 
43 
5941 
4351 
1991 
8233 
3623 
7343 
4009 
7641 
9855 
1805 
389 
3421 
7529 
9499 
1393 
4049 
837 
7967 
7159 
8251 
5691 
7067 
8085 
2989 
3151 
5015 
7633 
2623 
3251 
6729 
3229 
913 
6829 
5555 
8105 
3847 
9249 
5999 
6923 
9647 
4719 
3839 
8279 
3663 
6999 
3635 
4215 
7877 
3559 
9145 
3889 
7723 
3159 
3861 
2479 
545 
517 
307 
5731 
6541 
185 
8455 
1027 
7649 
4007 
7073 
7347 
7129 
3253 
9307 
3701 
1715 
7955 
6941 
9477 
3071 
1649 
7027 
5297 
5651 
381 
197 
9631 
281 
3697 
3383 
7183 
2253 
3649 
8843 
5093 
1575 
3507 
2105 
7965 
293 
3041 
8025 
7601 
1883 
7657 
1465 
6943 
4923 
3003 
5917 
2145 
6667 
5741 
6873 
9609 
9397 
397 
9123 
2911 
2179 
5827 
525 
7383 
8331 
919 
9607 
9493 
1049 
2759 
6859 
2679 
9729 
6971 
7497 
2757 
761 
2703 
7907 
5399 
2529 
6711 
6123 
8871 
6665 
9941 
2843 
1273 
5103 
6779 
3321 
2791 
8997 
6007 
4745 
4193 
5063 
9509 
9649 
7193 
107 
3803 
7065 
8339 
9555 
3913 
7229 
3003 
3067 
8845 
4975 
8067 
3425 
3773 
4831 
8995 
3765 
3543 
6133 
8473 
4755 
5197 
2235 
1431 
5189 
8929 
8741 
5135 
7307 
383 
2885 
1605 
8017 
6847 
4523 
1157 
6663 
3989 
1091 
9339 
1397 
9545 
49 
5929 
7897 
9821 
7881 
1343 
2751 
7949 
2759 
2105 
2493 
833 
7761 
8931 
6301 
5489 
4587 
6261 
2901 
9337 
5685 
3403 
4451 
3907 
4477 
9605 
3181 
2907 
7471 
4267 
3207 
6829 
6981 
2333 
3163 
7449 
7745 
7755 
9119 
8005 
8565 
7579 
1605 
3365 
21 
6385 
4539 
363 
8303 
4413 
1315 
4209 
1489 
7359 
4715 
7401 
4013 
1401 
2317 
8921 
9851 
1583 
5949 
5639 
249 
6935 
1241 
8633 
1215 
3011 
3587 
8713 
9247 
1203 
9665 
3537 
889 
2881 
9505 
2831 
4343 
4929 
7589 
429 
4989 
6965 
431 
8465 
5967 
6827 
6337 
1037 
3227 
1821 
299 
7063 
6033 
2081 
613 
3833 
7515 
291 
1239 
2093 
8143 
3245 
975 
6299 
2125 
3291 
8443 
141 
8275 
6895 
1737 
4741 
3933 
2587 
1455 
2615 
8483 
9313 
6765 
2389 
4609 
865 
1713 
7365 
3531 
483 
7225 
3905 
9199 
2335 
5731 
8365 
9317 
3739 
8079 
7077 
2227 
8549 
4233 
7923 
3161 
1699 
8299 
3403 
6679 
5115 
2473 
8251 
3161 
7831 
7603 
6981 
3123 
833 
8249 
8351 
6451 
8867 
69 
9283 
6407 
3061 
765 
3419 
9921 
5987 
613 
889 
9343 
1139 
5837 
6903 
4453 
557 
8221 
2659 
3171 
2451 
4585 
2847 
1357 
1653 
5751 
4007 
5721 
3481 
3929 
2017 
1801 
1355 
9093 
469 
1057 
4111 
937 
4637 
605 
3129 
559 
7113 
6705 
6639 
4915 
1141 
6485 
8411 
2639 
8677 
5231 
3617 
5181 
3823 
8201 
6139 
3845 
5265 
533 
1603 
2485 
6437 
7969 
705 
2119 
3911 
2149 
9621 
9069 
353 
6593 
5021 
9809 
7063 
7909 
1607 
6333 
5979 
1917 
1565 
2793 
8613 
9441 
1271 
8757 
1255 
4697 
5713 
677 
4695 
2729 
9299 
5269 
1755 
3197 
8621 
9747 
2657 
9303 
1719 
1127 
2387 
9993 
9299 
2999 
3727 
9475 
2411 
7227 
3927 
703 
3657 
8409 
6191 
7559 
6363 
7461 
1037 
2065 
1617 
8301 
6687 
1697 
8757 
2903 
123 
963 
4023 
7705 
1279 
7963 
6729 
8545 
4099 
5761 
401 
7107 
8747 
8387 
979 
3269 
6697 
1289 
1037 
4693 
4381 
107 
3761 
4735 
9131 
2373 
6167 
3103 
9667 
6957 
1579 
5897 
9575 
5655 
7117 
9589 
7321 
8997 
2355 
5083 
5803 
7397 
9071 
7357 
9595 
1007 
4911 
907 
1249 
737 
1691 
163 
867 
5041 
9199 
9001 
1729 
435 
7053 
2717 
5333 
6481 
6675 
9293 
7725 
5247 
3417 
9165 
2405 
1793 
2907 
7099 
1817 
7443 
2499 
1535 
1109 
9287 
3139 
5315 
1769 
751 
6713 
5551 
3941 
81 
6543 
5625 
5367 
8975 
13 
1509 
4361 
8931 
7227 
2357 
8569 
9709 
2967 
3201 
1523 
3407 
4529 
8523 
8231 
569 
2691 
8453 
47 
4891 
8525 
8629 
9871 
3209 
2571 
2917 
4887 
2885 
3513 
4129 
1067 
8307 
155 
927 
9309 
5367 
8543 
1147 
3783 
2135 
4479 
9323 
8421 
1017 
5471 
963 
8801 
1549 
6735 
129 
4617 
7175 
2733 
3929 
3027 
9783 
841 
8221 
9963 
937 
2571 
9643 
9181 
3881 
2733 
3797 
1259 
1319 
3673 
1077 
835 
3691 
8597 
9439 
1265 
4295 
8549 
8285 
417 
2519 
4735 
6437 
397 
1697 
6549 
9383 
665 
3931 
4331 
1251 
4857 
5369 
8651 
3865 
493 
401 
877 
7875 
2635 
7345 
6667 
2791 
5665 
1559 
3105 
1633 
8463 
2509 
6781 
4547 
6149 
9727 
3719 
8207 
7745 
973 
4639 
4079 
3275 
6987 
4003 
3775 
1 
3089 
2141 
7273 
9747 
3941 
4379 
7315 
1419 
8085 
2571 
4927 
1341 
4859 
4245 
2119 
2031 
9597 
7815 
1047 
8561 
2309 
2001 
9313 
5983 
5623 
4379 
4673 
3185 
9491 
381 
1411 
2023 
1731 
841 
9281 
8097 
9093 
9191 
3299 
4421 
3429 
6957 
9817 
1789 
7973 
2617 
8275 
4261 
2783 
8339 
6237 
1597 
3235 
5659 
1999 
7527 
2789 
5373 
3067 
2577 
4911 
3597 
7983 
9753 
4169 
3555 
3675 
6229 
3665 
8293 
9203 
8653 
4655 
6977 
5383 
3837 
8417 
1259 
1635 
8247 
7155 
1093 
397 
5787 
8983 
9115 
1029 
2983 
6311 
2309 
361 
6627 
6101 
3245 
9101 
1891 
9383 
4631 
6029 
2223 
3595 
2727 
4309 
5687 
3297 
5121 
4281 
8839 
1893 
1435 
961 
693 
6759 
2765 
4053 
5925 
8219 
8457 
7087 
3611 
7129 
1159 
7943 
7893 
9555 
1789 
8223 
1059 
4451 
8547 
6181 
3645 
3963 
7705 
2819 
9993 
5481 
2993 
2427 
6015 
8071 
7585 
6761 
2231 
8933 
7619 
7283 
4237 
1441 
1169 
5665 
4913 
4533 
3203 
1711 
2741 
8821 
451 
33 
4109 
5025 
7559 
1885 
697 
2319 
6857 
7985 
6247 
811 
7249 
4171 
3809 
2235 
6443 
403 
1831 
9623 
1613 
8673 
9019 
4835 
5691 
6175 
9137 
9709 
3161 
5597 
2851 
5743 
7241 
1993 
6531 
9889 
2201 
1815 
4975 
7653 
4529 
5683 
2651 
9217 
8717 
5829 
4401 
2947 
3295 
7381 
7595 
6657 
107 
1533 
7973 
6333 
8369 
9849 
8743 
2001 
1287 
8383 
6809 
5997 
6337 
7273 
8771 
4865 
4349 
9195 
4831 
2741 
1967 
439 
9163 
8799 
953 
9143 
7683 
5351 
1347 
5735 
9921 
7219 
199 
5557 
1429 
8537 
4701 
1399 
6067 
105 
5453 
4325 
797 
4385 
429 
2335 
7219 
6139 
3937 
2387 
997 
8879 
1367 
3583 
7105 
8319 
7657 
6025 
4029 
777 
8325 
171 
3545 
2757 
6389 
7317 
747 
9063 
499 
1701 
3687 
8035 
3431 
3283 
3455 
4063 
7587 
9015 
2843 
2277 
1819 
1673 
6187 
67 
5679 
9503 
8593 
1873 
2803 
7489 
2409 
3143 
9341 
4525 
5349 
7521 
475 
1431 
9923 
6933 
4037 
7399 
3367 
4541 
999 
9689 
9211 
8295 
7509 
1503 
3649 
2591 
6835 
5181 
6807 
2497 
7799 
7903 
1933 
5461 
7041 
6213 
7753 
621 
1161 
7551 
3097 
9623 
2817 
739 
1903 
2195 
2005 
7221 
6375 
8123 
5623 
2681 
5677 
8817 
7741 
2277 
9651 
9599 
4193 
8779 
9543 
2791 
7305 
1821 
5881 
7017 
9845 
6019 
2127 
3473 
1153 
7687 
7977 
3909 
7723 
7293 
3301 
4197 
215 
1301 
8145 
9729 
9095 
4877 
4735 
4359 
3357 
8905 
1645 
9019 
4563 
7211 
4123 
4943 
3939 
8491 
5219 
2829 
7211 
9527 
9725 
8233 
3799 
8705 
9519 
5657 
6043 
8179 
2171 
4247 
8949 
9717 
753 
2897 
9421 
7127 
1111 
3409 
3779 
8683 
849 
3247 
8573 
3707 
6211 
3199 
4909 
2101 
8259 
6471 
3855 
3917 
891 
8677 
2245 
7157 
7435 
4645 
5125 
9177 
7347 
3267 
8059 
9203 
6731 
1053 
6227 
3785 
2891 
5769 
3719 
611 
723 
6771 
3049 
4817 
6311 
195 
4361 
4185 
4071 
4353 
9455 
605 
2349 
4717 
5501 
6251 
9365 
6703 
4253 
6807 
2675 
5389 
9341 
7453 
277 
4451 
4461 
5943 
3949 
9359 
845 
6433 
413 
9949 
5915 
9865 
8307 
3663 
8985 
9309 
3403 
8347 
3849 
583 
2395 
1705 
3461 
3315 
1165 
1285 
2955 
9475 
5929 
5211 
5887 
841 
9755 
947 
5565 
9023 
951 
2767 
2429 
797 
8407 
7909 
5247 
8015 
4959 
9255 
4615 
7911 
4095 
3973 
103 
2999 
7639 
6919 
6195 
3475 
239 
5257 
2171 
8789 
5069 
2833 
2319 
7361 
243 
601 
3383 
7653 
3769 
3917 
5103 
663 
2941 
8073 
459 
9745 
3747 
2481 
9613 
4311 
7841 
477 
1013 
8021 
4499 
7351 
3129 
8001 
7431 
4809 
7827 
6335 
743 
8195 
2995 
6811 
2099 
8305 
9881 
1219 
4573 
3789 
977 
5527 
6955 
1991 
5417 
7289 
2013 
4303 
1193 
7091 
7949 
9309 
3557 
2153 
7621 
1651 
7163 
8565 
4205 
2281 
7793 
8037 
1065 
7995 
1487 
1433 
3079 
7833 
707 
3967 
727 
6335 
7069 
2339 
1495 
1555 
4671 
533 
7233 
377 
3399 
9733 
5819 
2145 
6355 
3745 
6271 
3835 
9737 
7721 
3899 
9625 
5795 
6691 
5577 
9077 
3923 
1121 
1651 
9565 
7321 
5095 
6505 
3415 
9429 
5093 
6753 
3289 
3781 
7187 
2687 
9367 
3839 
1637 
2759 
6781 
1313 
2919 
7045 
1145 
9033 
9741 
8007 
2125 
3651 
2815 
9797 
9101 
8901 
253 
1021 
4663 
7233 
9609 
1245 
9121 
865 
5211 
5739 
4463 
47 
5591 
7125 
6935 
8053 
4143 
6201 
4919 
1671 
6141 
1209 
8255 
6867 
7289 
1943 
1453 
8887 
5981 
8883 
481 
4281 
5445 
1917 
165 
2557 
3025 
7055 
7735 
8671 
1675 
6017 
5273 
5697 
1073 
843 
9885 
1421 
9291 
4365 
7663 
323 
8399 
559 
275 
7435 
9883 
5469 
7015 
6401 
1483 
7933 
3951 
3239 
8195 
1733 
3013 
8187 
271 
9103 
6019 
7085 
1703 
7701 
6333 
9297 
897 
5737 
4485 
595 
4137 
6851 
2269 
2163 
4095 
9381 
701 
273 
3469 
4175 
8123 
9241 
5479 
6471 
1835 
3261 
4327 
6847 
7707 
537 
5181 
3643 
6267 
4671 
2919 
3609 
13 
2883 
1073 
7391 
8233 
4591 
6927 
7197 
6217 
3803 
2761 
1801 
7927 
413 
5847 
735 
5693 
1513 
8521 
7665 
365 
4469 
1975 
1747 
1943 
1647 
4493 
7535 
3033 
1845 
8139 
9929 
1489 
5569 
3359 
719 
8943 
3917 
267 
2003 
9323 
2111 
3111 
8195 
8159 
9643 
2957 
503 
6333 
5393 
103 
755 
4415 
7273 
7719 
2383 
2669 
4127 
2303 
2419 
3443 
7679 
1967 
8983 
2723 
9507 
2997 
2585 
9959 
3665 
7587 
6591 
2631 
603 
9961 
9751 
3129 
3537 
2443 
2687 
1515 
3543 
4297 
9151 
2741 
7683 
2303 
1225 
5977 
1201 
1489 
1643 
8691 
2301 
5465 
6127 
9553 
251 
7743 
6207 
1083 
1471 
9969 
937 
1567 
7173 
7239 
9117 
4621 
1537 
4439 
2401 
7153 
8957 
8593 
5965 
3737 
8429 
7879 
137 
3249 
953 
3267 
2831 
2597 
5943 
2945 
9403 
6745 
4427 
7081 
2685 
4585 
7973 
9669 
8737 
863 
541 
3299 
5925 
6203 
8993 
5659 
315 
1321 
2735 
2921 
2427 
665 
1555 
5237 
2493 
5127 
9435 
9397 
8555 
8853 
877 
8057 
2817 
7537 
6659 
4543 
2125 
4339 
1975 
2591 
3451 
7681 
141 
2041 
1335 
3969 
5691 
1291 
5423 
2945 
6899 
9161 
9999 
9861 
7325 
9775 
4539 
1841 
8021 
6753 
5505 
4383 
3239 
5913 
3061 
1827 
9387 
503 
1219 
5751 
5495 
5859 
7377 
1413 
1203 
4607 
6909 
7863 
3629 
5009 
6739 
5869 
1871 
6471 
5641 
3275 
699 
2977 
4781 
635 
9201 
9139 
5305 
2583 
451 
3417 
4359 
3431 
2781 
7557 
9423 
5129 
9307 
6087 
1101 
5491 
9325 
529 
8651 
1509 
573 
187 
5049 
989 
7723 
7311 
261 
655 
5849 
1297 
3225 
6769 
8579 
383 
6805 
5035 
933 
3585 
2887 
1117 
1617 
5101 
7061 
8701 
2493 
5481 
6399 
4209 
8189 
2729 
6241 
9083 
8037 
473 
9119 
2907 
7269 
3581 
6455 
5919 
4447 
6735 
9569 
9709 
6645 
8631 
2625 
7681 
3571 
7341 
5977 
465 
7913 
4281 
7093 
7591 
2913 
4825 
5595 
9989 
1389 
8887 
3413 
7759 
6353 
5483 
1811 
5297 
9549 
4973 
4857 
2913 
7769 
4467 
3191 
7731 
211 
8625 
9799 
7871 
9393 
9335 
2901 
5031 
265 
3867 
6025 
1879 
1935 
9685 
2797 
4777 
4267 
5261 
7961 
9025 
2849 
867 
2535 
3383 
9933 
4721 
5759 
3907 
6665 
6879 
129 
2659 
6717 
3953 
5593 
2257 
5235 
4187 
5425 
2515 
9573 
2561 
3163 
6719 
999 
5575 
633 
1867 
9113 
143 
4347 
7163 
4925 
2193 
1957 
1763 
1071 
5933 
3123 
3899 
6895 
3445 
7583 
4423 
5425 
1799 
8445 
2765 
89 
6419 
3923 
5211 
117 
5007 
3327 
2319 
9079 
8967 
719 
8493 
5817 
2021 
3699 
627 
653 
6655 
2665 
8905 
3763 
6895 
7023 
2399 
4485 
7821 
9043 
7991 
1381 
4961 
3899 
4415 
7125 
1373 
8739 
4307 
6529 
7831 
9525 
7991 
5891 
1835 
3655 
1135 
6933 
7069 
5121 
5997 
1843 
2371 
395 
775 
7085 
6055 
9689 
2883 
5607 
6335 
6751 
4649 
8255 
1677 
9753 
8761 
2327 
9073 
1123 
8727 
4983 
9807 
2379 
5399 
5789 
617 
2637 
621 
3631 
4121 
6685 
1159 
327 
1647 
3109 
9285 
7649 
6811 
6463 
1623 
3833 
2275 
3767 
3909 
7781 
6469 
2245 
9271 
2669 
9897 
3763 
903 
6247 
5633 
8015 
9679 
6803 
6045 
6533 
8177 
2263 
6955 
7181 
7747 
1073 
2309 
7901 
7107 
5543 
4509 
1139 
8663 
4775 
2337 
6513 
6525 
1217 
2215 
3213 
1389 
9575 
9549 
6705 
997 
439 
859 
7211 
5897 
1491 
4093 
9507 
6723 
5937 
3401 
7403 
6339 
8955 
3725 
329 
9373 
3301 
9917 
825 
6917 
5535 
9155 
6061 
973 
1643 
9441 
8151 
431 
5613 
5489 
57 
4867 
7643 
9587 
6103 
8005 
7781 
4617 
2995 
5021 
269 
5841 
2307 
8355 
9301 
8013 
589 
3649 
9417 
263 
2249 
8401 
4583 
3925 
51 
789 
1351 
4329 
4265 
5601 
3691 
779 
6501 
9421 
2011 
3467 
3115 
5127 
1783 
8237 
6101 
1635 
161 
7385 
8115 
9965 
3373 
1641 
7799 
9199 
4961 
4009 
5057 
1961 
2213 
2525 
8201 
3455 
1429 
5763 
8783 
7013 
1365 
9949 
2579 
307 
2073 
7151 
7571 
1931 
5077 
8265 
7171 
6929 
2279 
7769 
9247 
5467 
1431 
7303 
2787 
145 
3685 
4981 
2853 
3899 
6065 
6671 
7839 
8453 
8267 
5497 
2533 
2737 
2383 
6531 
941 
9157 
4125 
8543 
9019 
9967 
5573 
4247 
2251 
3033 
5727 
8021 
3337 
9391 
3067 
5075 
5403 
4583 
9877 
7211 
1491 
6531 
9265 
1281 
2687 
8785 
3917 
871 
8937 
1107 
4903 
4617 
2035 
1209 
2851 
975 
767 
2183 
6321 
7987 
6177 
8969 
6845 
8453 
6933 
7833 
4885 
8817 
191 
9137 
2617 
9105 
5713 
2053 
9473 
2677 
5997 
2115 
7783 
6529 
4547 
2189 
7019 
7121 
7321 
1327 
7769 
9809 
7735 
3489 
2967 
7945 
3785 
5003 
7741 
3773 
6333 
9437 
4863 
4657 
3257 
7421 
4503 
8753 
9903 
2807 
7579 
4211 
2451 
3977 
6797 
7943 
9483 
8023 
7187 
7197 
3695 
1821 
4929 
6857 
7345 
1881 
7019 
9203 
8467 
3627 
581 
5551 
7107 
879 
7119 
3583 
1999 
5815 
9615 
6917 
9017 
8889 
9097 
7249 
3519 
3907 
9081 
3067 
7931 
817 
6689 
555 
8485 
531 
745 
9509 
4039 
6109 
5061 
8589 
4545 
969 
4773 
4657 
23 
7043 
3723 
8659 
7555 
7201 
7545 
7119 
5961 
4807 
3313 
7903 
8913 
6671 
7441 
5553 
2151 
4147 
3951 
103 
6061 
1237 
7263 
9627 
739 
1149 
9951 
3507 
835 
6623 
9143 
4839 
8421 
9369 
8895 
4527 
9453 
5469 
5523 
8123 
5477 
2911 
1651 
829 
2303 
5019 
2837 
95 
9941 
3163 
2549 
6009 
1365 
9631 
3139 
781 
7427 
3723 
1599 
5453 
9351 
7003 
5491 
9211 
7257 
8051 
3519 
8925 
671 
3743 
2201 
6125 
921 
3655 
6941 
5987 
9165 
5569 
5159 
3169 
8515 
4911 
1275 
4383 
5519 
1383 
3521 
9743 
1783 
6645 
3579 
731 
779 
9343 
9959 
2085 
1403 
7713 
477 
4661 
9189 
4813 
3767 
5067 
327 
8683 
6463 
3703 
545 
917 
3433 
9419 
2621 
3701 
6765 
1345 
7215 
9809 
805 
6067 
255 
331 
3339 
8407 
4775 
997 
8137 
3545 
2111 
6635 
1643 
9895 
937 
7737 
6249 
899 
9637 
3953 
8179 
7491 
1215 
7489 
2143 
101 
4867 
4401 
4775 
6085 
7345 
4035 
6909 
1989 
2275 
9339 
1909 
2391 
3637 
6185 
5047 
7213 
5459 
8823 
9247 
7759 
2341 
7761 
3957 
645 
5839 
1401 
1113 
9811 
6701 
6331 
2739 
7705 
6559 
1055 
7407 
9235 
8995 
2241 
2847 
7903 
4387 
9189 
385 
145 
235 
8511 
8857 
7203 
869 
691 
4637 
777 
931 
5877 
1457 
9151 
1805 
4985 
7327 
3357 
9841 
5543 
4073 
1607 
1609 
1793 
9203 
2121 
1301 
8475 
8869 
6027 
9303 
6069 
6595 
2993 
7479 
449 
409 
7791 
9191 
7861 
1545 
2441 
5407 
423 
2423 
3607 
1317 
867 
7091 
3181 
2249 
1001 
3905 
69 
9453 
3889 
8325 
119 
3119 
1403 
3581 
4363 
5031 
8525 
2811 
9445 
6807 
8981 
6791 
3091 
547 
9257 
2309 
1517 
653 
8685 
857 
8131 
7727 
5537 
8867 
1815 
5987 
9479 
7101 
2091 
9505 
6299 
2523 
1741 
2655 
1675 
4867 
789 
763 
7251 
9275 
3843 
2289 
6159 
5525 
2679 
1817 
5339 
255 
3135 
2879 
1857 
399 
537 
9351 
4735 
9795 
5027 
475 
3791 
9387 
2343 
5359 
9825 
7473 
3037 
6421 
9261 
5739 
8883 
2257 
7785 
3665 
4669 
8689 
6071 
1407 
4855 
5729 
3927 
1651 
6141 
3579 
9807 
435 
1285 
9265 
9209 
661 
6455 
3373 
3399 
989 
6183 
6631 
1559 
4651 
3955 
5931 
705 
1107 
4369 
9651 
5511 
1101 
6207 
6923 
4623 
307 
7421 
5649 
8407 
3019 
7993 
625 
8739 
8671 
6799 
6763 
4727 
833 
9885 
8433 
6777 
2365 
6235 
3611 
5173 
1773 
1973 
8935 
3583 
1241 
727 
7717 
8639 
5445 
7857 
7431 
4817 
4563 
3995 
817 
4607 
1415 
5407 
7067 
9133 
6171 
7707 
1073 
4173 
2915 
2541 
8403 
1029 
5563 
8873 
3299 
1035 
1821 
3359 
601 
8731 
1473 
1095 
9025 
4823 
5381 
5683 
5015 
7443 
2061 
6347 
4179 
8029 
2733 
2947 
861 
65 
5835 
4959 
4987 
3521 
3091 
1455 
843 
7109 
2925 
2379 
7629 
7859 
2313 
3557 
2687 
5347 
7481 
5179 
4965 
7041 
4129 
9629 
429 
2747 
667 
8469 
451 
8609 
3777 
8043 
8349 
2963 
7351 
6769 
4387 
2685 
21 
4725 
9989 
447 
8139 
7467 
5225 
4905 
23 
7747 
211 
899 
7065 
4779 
6211 
3283 
9393 
2269 
5401 
5333 
2133 
7769 
71 
7851 
1649 
2455 
7345 
3417 
8909 
1995 
1233 
2063 
5141 
6667 
263 
9453 
9321 
9703 
525 
2293 
7993 
7049 
9613 
9167 
5337 
5695 
3721 
9165 
615 
9411 
3253 
1891 
8273 
843 
5877 
5645 
6257 
6145 
5523 
3579 
3231 
6153 
1949 
9345 
2693 
165 
9681 
4565 
9495 
1771 
8819 
9295 
3911 
2927 
7353 
4435 
4351 
4091 
3845 
6435 
3115 
8497 
7543 
9073 
33 
777 
8553 
3329 
7727 
7093 
8827 
9855 
6575 
2621 
4321 
3497 
3543 
1869 
4069 
5533 
4049 
6539 
6915 
9461 
3903 
837 
4731 
1009 
9381 
8637 
4543 
8145 
1617 
3241 
6217 
6355 
5305 
4789 
6101 
8989 
1983 
1791 
6545 
9891 
5493 
3217 
7861 
9173 
9785 
4957 
3443 
7829 
1941 
7037 
421 
3451 
4451 
6659 
2155 
4591 
4191 
6137 
2339 
5847 
9625 
5051 
1781 
4217 
4265 
1127 
4863 
8563 
2131 
7023 
1967 
281 
7293 
677 
4731 
6841 
8983 
5061 
4193 
6723 
1993 
19 
213 
17 
27 
4147 
4739 
271 
5469 
997 
6531 
4017 
7317 
183 
8511 
9691 
6109 
5253 
1255 
5091 
1789 
4089 
8355 
7751 
5081 
5125 
5743 
1871 
4355 
1531 
813 
9503 
4337 
9507 
8703 
4491 
249 
7573 
1707 
1807 
5247 
4377 
6527 
7155 
1695 
5613 
4609 
5425 
3921 
7477 
6099 
3377 
1639 
5581 
9267 
5293 
2147 
4531 
1627 
7927 
6921 
8283 
8839 
6905 
1459 
8673 
6511 
1091 
2623 
5807 
537 
1423 
8507 
2309 
2995 
1137 
5517 
8147 
7683 
9069 
2303 
5683 
2401 
2629 
3769 
5187 
279 
3391 
7399 
9577 
1407 
7787 
443 
8231 
9553 
9619 
283 
9935 
2999 
8447 
281 
415 
13 
9699 
6425 
3533 
5025 
4809 
3883 
7927 
7443 
1309 
3455 
8621 
7211 
1237 
8057 
6667 
6927 
9385 
4625 
7895 
4881 
8955 
759 
6799 
9307 
621 
5527 
8075 
7359 
9489 
6237 
915 
4541 
4817 
6595 
33 
407 
4313 
6045 
9069 
9373 
6681 
7753 
225 
7445 
5947 
8441 
6685 
6853 
7051 
4755 
5823 
7677 
9105 
5753 
3085 
9107 
4753 
207 
8135 
8739 
8121 
3961 
4319 
4249 
5621 
4967 
5465 
6307 
5885 
965 
2157 
891 
7301 
8891 
861 
5951 
7821 
1867 
5299 
2909 
8887 
9739 
2673 
5979 
6753 
6563 
9519 
3839 
2421 
4533 
363 
9297 
5247 
9967 
4477 
365 
9013 
2277 
2995 
4485 
5565 
4095 
2087 
9583 
4133 
607 
4397 
7073 
413 
2109 
8471 
4183 
8777 
1137 
2185 
7961 
4963 
6405 
5873 
7357 
595 
663 
6385 
8641 
7985 
8405 
7171 
3279 
8753 
4207 
5371 
2495 
885 
2955 
4565 
3251 
3937 
9191 
6409 
311 
1347 
2709 
15 
9531 
3551 
6321 
8265 
1659 
6587 
5557 
1433 
9853 
9203 
9077 
7207 
371 
8977 
8911 
7253 
8193 
3891 
5107 
2949 
5427 
3331 
8073 
5297 
5307 
5273 
3219 
5207 
755 
5019 
2795 
9117 
8969 
4453 
8433 
6771 
2399 
5179 
6625 
11 
2637 
6893 
6709 
9505 
7057 
8117 
3513 
2497 
2395 
1607 
5865 
9399 
2961 
6797 
2511 
8131 
4719 
5519 
8577 
4799 
6693 
1749 
1415 
5471 
3133 
3527 
889 
4801 
6163 
2327 
3091 
3839 
5623 
1109 
7789 
9495 
8759 
2829 
8831 
4491 
2921 
8667 
5117 
307 
2571 
6751 
5975 
5977 
8751 
6349 
531 
9057 
3621 
3445 
5561 
3173 
9317 
1015 
3517 
8815 
9947 
5157 
2253 
913 
6607 
7347 
3599 
8325 
1547 
6045 
6535 
7501 
2599 
23 
7627 
9989 
7745 
7465 
7027 
1837 
9247 
4605 
4549 
1703 
155 
5341 
3069 
7223 
1143 
733 
6991 
6059 
1435 
9109 
7289 
1971 
4565 
2217 
6293 
3143 
6241 
7085 
5247 
2853 
9059 
6979 
9083 
5965 
1211 
7467 
5977 
2573 
5631 
5635 
3433 
2021 
4781 
3995 
6127 
6747 
8015 
1001 
8327 
6717 
5907 
4179 
5387 
6773 
9473 
2755 
7007 
7417 
3109 
7573 
8585 
6125 
933 
6927 
3815 
2533 
9405 
3623 
4543 
8845 
2893 
4915 
5043 
897 
5873 
3375 
9855 
2699 
7053 
5187 
2389 
2905 
7081 
7679 
8605 
8967 
2769 
2243 
913 
2115 
5083 
7037 
907 
2117 
3687 
387 
8327 
6975 
8427 
6531 
7591 
3933 
3125 
4251 
9043 
1845 
7863 
77 
491 
125 
2177 
8513 
9155 
7469 
4835 
675 
8491 
3899 
6075 
895 
4365 
3775 
9695 
8907 
1883 
3839 
8559 
7231 
65 
4777 
4961 
1307 
6323 
9305 
3963 
3375 
3981 
417 
4481 
3681 
449 
2909 
61 
1319 
7605 
9575 
2045 
3195 
8367 
1711 
7727 
5335 
4989 
4229 
9155 
8057 
9269 
5491 
4289 
9505 
819 
6615 
5825 
8015 
2733 
3873 
5933 
43 
223 
5729 
4281 
4477 
5493 
1047 
6437 
619 
3139 
2789 
8887 
6233 
4069 
6587 
6151 
7117 
3661 
3861 
8427 
4735 
4039 
7623 
9187 
2571 
5301 
479 
3573 
815 
3477 
3045 
4441 
7011 
5871 
9551 
6409 
9631 
6841 
4121 
5737 
7667 
625 
7725 
5163 
9049 
5821 
8971 
9323 
9879 
2571 
3301 
5735 
5253 
3907 
2579 
1887 
9543 
8055 
2155 
5321 
6629 
9757 
9117 
9267 
2295 
1841 
7951 
579 
2627 
9361 
5291 
911 
7545 
601 
4923 
4799 
1771 
3879 
5113 
4825 
7175 
8945 
1057 
449 
503 
2707 
9663 
395 
8677 
7147 
2233 
7913 
5837 
5373 
155 
5965 
4665 
9037 
911 
155 
2279 
9731 
7061 
3263 
879 
3819 
6021 
785 
9487 
925 
8679 
2159 
3581 
7797 
5327 
9043 
5027 
4369 
143 
3301 
6795 
2227 
5253 
3109 
5593 
5739 
7379 
791 
2181 
9749 
9957 
5041 
1789 
5425 
3643 
1823 
7955 
6059 
1765 
577 
161 
8919 
4379 
8545 
6373 
1189 
195 
3431 
8599 
3455 
3651 
4209 
409 
5273 
7605 
2669 
105 
9599 
535 
2221 
9203 
1361 
4303 
4167 
2391 
9807 
1829 
4449 
7485 
885 
7999 
6633 
6081 
9765 
3625 
5913 
1813 
3199 
9001 
5845 
6393 
8181 
4601 
5369 
6945 
2379 
9383 
5223 
6495 
7063 
9817 
8001 
1609 
7021 
1263 
1881 
641 
1245 
4569 
5465 
7023 
2763 
5797 
9581 
2725 
7409 
2349 
8793 
6813 
4011 
1983 
3781 
5881 
5727 
5153 
3105 
477 
991 
8839 
429 
9417 
6163 
9183 
7417 
4399 
8617 
6881 
7755 
9677 
5961 
1499 
1413 
4639 
897 
2569 
9269 
8761 
6211 
9855 
7501 
6469 
7979 
4865 
411 
4409 
1475 
4277 
1221 
3779 
2633 
3379 
4301 
1473 
6873 
1889 
1629 
5447 
1017 
775 
8801 
8109 
4949 
4729 
7649 
6483 
7545 
4835 
2779 
8787 
4199 
6825 
1223 
4675 
9223 
1231 
9079 
5711 
8597 
9491 
5871 
7513 
6855 
6785 
4243 
7743 
6871 
2507 
4667 
1225 
2385 
8949 
1813 
3827 
7791 
3625 
5411 
989 
1165 
9557 
2951 
6621 
571 
8847 
751 
9941 
7079 
6403 
9639 
3001 
8225 
3917 
5621 
1305 
649 
7561 
793 
9701 
9939 
4395 
7677 
1167 
9151 
8877 
6353 
745 
1809 
6187 
6493 
4539 
3801 
8231 
483 
6931 
3829 
5979 
2063 
6199 
7269 
5495 
8509 
5771 
8291 
7509 
6341 
5863 
5641 
9851 
3419 
429 
933 
2257 
2807 
6913 
3409 
3767 
7981 
4165 
8271 
1307 
3125 
3585 
2875 
4273 
8437 
4193 
8945 
5931 
8545 
2243 
5013 
7945 
315 
9395 
3041 
4281 
2753 
4627 
9727 
6057 
859 
3505 
9345 
1797 
585 
9443 
7345 
2749 
2141 
1375 
3387 
2141 
6463 
9575 
6835 
3027 
251 
1127 
2331 
9023 
1627 
5651 
763 
3435 
879 
4569 
595 
3779 
7493 
3405 
5689 
521 
1907 
7719 
6005 
3191 
7717 
2907 
6327 
7251 
7717 
7755 
5149 
1233 
4359 
6153 
5381 
3545 
8991 
5895 
4325 
6239 
9753 
8003 
441 
7343 
4987 
4859 
8519 
6507 
1545 
5607 
8885 
8777 
3371 
6523 
4503 
9535 
9513 
4781 
1159 
1313 
6721 
3373 
8475 
5595 
7753 
4683 
8389 
367 
4527 
6595 
1863 
9081 
8487 
5167 
7599 
2521 
6273 
6179 
453 
9003 
7013 
2477 
1919 
2227 
3513 
7905 
2065 
6667 
923 
451 
7399 
1251 
5375 
111 
3421 
1335 
1255 
3817 
4725 
2505 
9213 
9317 
1999 
4729 
6767 
1671 
1087 
3003 
7597 
8811 
9855 
2743 
4923 
8587 
603 
2779 
803 
9921 
1449 
6989 
2315 
6831 
483 
2587 
4675 
1159 
363 
3097 
4487 
2081 
5049 
3495 
1407 
9123 
3679 
2879 
1527 
5719 
7701 
8847 
5759 
1711 
7851 
3815 
941 
823 
1839 
9695 
6703 
1537 
5239 
8357 
479 
8349 
2685 
5191 
7183 
4529 
9643 
6985 
4905 
9983 
2909 
8139 
4257 
9665 
7959 
3135 
105 
9869 
7145 
5 
8669 
8927 
4909 
7187 
9709 
4763 
5857 
3239 
8645 
3721 
8931 
9111 
8291 
445 
2905 
9631 
6973 
9569 
805 
1679 
9325 
6475 
5609 
939 
6169 
3831 
3065 
4363 
2531 
7939 
1391 
3111 
7505 
6807 
7243 
183 
6883 
3181 
4781 
4947 
8085 
8929 
101 
4993 
6703 
3275 
517 
475 
3279 
6771 
325 
6857 
3789 
7313 
7557 
8769 
6069 
7101 
1971 
9457 
9823 
8969 
6085 
3471 
1631 
5895 
5961 
921 
7695 
9571 
3539 
8271 
1731 
6251 
431 
6189 
1919 
4969 
6457 
2613 
9105 
8715 
6217 
8175 
99 
7889 
9005 
715 
7665 
1139 
3053 
4927 
8143 
5355 
7753 
8137 
7505 
7507 
3607 
7979 
3107 
8263 
7817 
8433 
7469 
2311 
9571 
6963 
2235 
8059 
4283 
3553 
4211 
9835 
7955 
9035 
4271 
909 
769 
111 
9063 
8133 
5523 
4643 
5301 
4271 
9473 
4723 
3141 
2355 
521 
889 
5299 
1215 
8321 
4419 
817 
4171 
4513 
9117 
9721 
5841 
8453 
5931 
5957 
3747 
597 
1251 
4617 
2681 
3055 
3505 
5913 
229 
391 
1137 
7887 
8903 
3025 
1801 
4383 
2169 
4967 
183 
5127 
2019 
8129 
5635 
7451 
6585 
769 
6291 
1581 
4047 
7575 
9475 
8083 
1647 
7611 
5521 
2977 
5821 
2355 
6331 
6925 
629 
9083 
9739 
6195 
8355 
633 
9121 
2281 
6913 
3059 
3271 
1451 
845 
3825 
5569 
1067 
4727 
7071 
4287 
885 
1503 
5267 
9795 
8591 
5367 
8965 
4871 
4803 
1651 
6189 
6223 
3909 
2131 
6111 
7621 
7751 
6893 
7363 
7175 
8631 
9515 
2393 
3077 
4933 
9559 
8009 
7091 
879 
9737 
8809 
2655 
7577 
4445 
1971 
4089 
2909 
3219 
9789 
3433 
7687 
4605 
3279 
2021 
1115 
2659 
69 
9951 
1311 
3329 
6699 
4675 
7135 
1189 
7343 
4987 
4059 
7995 
2535 
9241 
5773 
4989 
9275 
1637 
8091 
8231 
2547 
3325 
7559 
3 
2527 
5959 
9445 
3427 
8225 
3979 
4255 
917 
8501 
6373 
6923 
6477 
5879 
6993 
401 
5857 
277 
4611 
2405 
2003 
779 
9167 
1995 
701 
3623 
8385 
8565 
5935 
6653 
1435 
1499 
2663 
1355 
6175 
4623 
4353 
4309 
87 
69 
9555 
1447 
9543 
6365 
9103 
1111 
4523 
6497 
3495 
4131 
7421 
4689 
4999 
817 
4403 
8963 
9753 
581 
7837 
581 
5435 
3659 
1705 
9611 
4119 
8345 
9723 
1477 
3219 
233 
7339 
1229 
9725 
495 
9159 
3465 
4487 
7377 
6595 
351 
6249 
6981 
7519 
2901 
8273 
8257 
1203 
9797 
6791 
2805 
7127 
8493 
2227 
4331 
2433 
3489 
2209 
6075 
8489 
689 
9723 
999 
7783 
4453 
859 
161 
5751 
9731 
2139 
2025 
2815 
675 
3803 
801 
4535 
1535 
5331 
7309 
5977 
6855 
2731 
7539 
1605 
3849 
6337 
5397 
2367 
4689 
4475 
1475 
3939 
4245 
1775 
7199 
6619 
7821 
7907 
1633 
7711 
9655 
809 
4685 
6387 
7045 
3555 
3051 
2709 
4777 
1507 
9409 
8799 
9123 
3515 
6615 
9671 
6431 
529 
1141 
7405 
7135 
1927 
2615 
8983 
5753 
8309 
9825 
7287 
7877 
8363 
6919 
4347 
7575 
7895 
2567 
2251 
5613 
2837 
5287 
3121 
1009 
9335 
7569 
2243 
267 
901 
4525 
6453 
4539 
4605 
5745 
3407 
6337 
8335 
9877 
6817 
7997 
3931 
4229 
4951 
9065 
2567 
3549 
8421 
3727 
9927 
5927 
4557 
411 
2123 
2553 
3605 
4101 
9091 
6541 
4851 
3897 
1375 
3201 
2353 
4271 
3171 
2805 
3333 
1801 
7143 
9789 
7051 
8281 
6615 
2081 
2179 
8761 
5765 
1685 
1141 
7101 
8749 
2989 
3809 
5277 
6925 
3253 
2817 
3071 
5395 
5323 
1659 
9167 
797 
8259 
6933 
2837 
459 
9237 
9887 
1513 
4341 
8633 
2599 
4975 
9359 
519 
7627 
6183 
5721 
9895 
963 
5577 
8125 
4545 
6551 
1307 
157 
8605 
8955 
4933 
3213 
5491 
5123 
7103 
9389 
129 
7421 
8969 
7161 
7357 
2483 
9813 
5345 
3857 
7585 
1509 
209 
4113 
8581 
8079 
2023 
7531 
9787 
5095 
3289 
557 
3509 
8279 
1281 
3137 
4563 
5319 
5683 
4911 
6767 
4771 
2927 
8067 
55 
7317 
4305 
3417 
9035 
9925 
8355 
2835 
3193 
8347 
3563 
9187 
727 
6413 
9463 
1795 
6991 
5961 
4711 
9309 
8977 
3357 
3761 
5145 
3561 
6599 
2401 
2163 
4489 
3177 
8807 
3509 
8763 
2213 
2453 
2661 
1377 
5059 
3499 
4371 
4169 
2853 
1835 
1321 
9487 
2307 
5957 
7757 
3147 
9559 
9003 
4977 
9667 
8645 
329 
963 
6353 
3485 
6369 
1067 
923 
3049 
2695 
3447 
1763 
5419 
5189 
1405 
3927 
3909 
2621 
5855 
5757 
6671 
9741 
4653 
9643 
3823 
5977 
6573 
6049 
8727 
4517 
1735 
9537 
3379 
1883 
1419 
2413 
381 
8925 
5651 
251 
4063 
2077 
2585 
4611 
2073 
4559 
4153 
8389 
1895 
9743 
3043 
6899 
7075 
6705 
4481 
2669 
6401 
4111 
1449 
7261 
341 
2281 
9747 
2021 
5833 
7453 
9085 
7233 
9967 
4233 
4051 
8009 
321 
7895 
6325 
1321 
223 
6877 
5445 
7873 
6439 
5227 
687 
9343 
1985 
8245 
6235 
7939 
7197 
1357 
1519 
8179 
363 
1083 
8697 
7839 
7213 
8123 
8043 
8345 
3237 
5285 
1323 
2381 
3945 
825 
481 
7931 
1529 
7099 
5859 
4445 
5223 
8293 
2545 
6657 
1045 
3667 
9153 
4707 
6743 
7765 
1491 
8933 
4209 
9049 
8659 
8669 
7371 
2709 
2647 
5157 
7597 
9043 
2847 
6169 
2765 
2395 
743 
3271 
1941 
9467 
4443 
9197 
3041 
4327 
8341 
5389 
5751 
9393 
8439 
7353 
9915 
5361 
109 
539 
1415 
8709 
9517 
5335 
9679 
6611 
6521 
5083 
7789 
5523 
1263 
5885 
3803 
7001 
4303 
2523 
9701 
7515 
3533 
7257 
6533 
175 
6929 
2261 
7963 
1071 
4271 
9931 
543 
4657 
9349 
7139 
3997 
2713 
4617 
4007 
4153 
1781 
2425 
2211 
7613 
7113 
7659 
8667 
6445 
7385 
7205 
7341 
9539 
1177 
1759 
6529 
4549 
363 
9203 
2853 
495 
3975 
163 
5623 
2163 
8791 
6259 
1301 
1203 
2865 
7839 
6961 
4453 
6843 
8023 
8399 
4739 
8827 
7529 
5871 
6625 
3251 
3083 
5319 
8765 
9015 
6205 
853 
7595 
5225 
6977 
271 
7881 
3631 
4695 
4821 
17 
6129 
7979 
5159 
7005 
7959 
7967 
8939 
2377 
9767 
8283 
2065 
1603 
937 
3399 
2561 
6543 
7899 
7085 
7265 
3157 
4101 
2703 
7523 
1007 
9057 
9249 
4205 
7667 
8413 
2003 
7659 
6039 
4677 
921 
3319 
3405 
5473 
5225 
3949 
7693 
6205 
1021 
2047 
603 
5431 
4231 
8347 
713 
8125 
119 
775 
9779 
6455 
6553 
5351 
1379 
6775 
3019 
6333 
1883 
8363 
3639 
4635 
9719 
6635 
8207 
1101 
2441 
4993 
1301 
9861 
5693 
7125 
3049 
5367 
8871 
2397 
5687 
5299 
9715 
4135 
7009 
2819 
8469 
439 
5725 
2907 
4395 
5421 
7653 
1995 
723 
2653 
6927 
2213 
7879 
6661 
4215 
4589 
4079 
8325 
3861 
509 
7543 
2199 
4781 
8535 
5739 
4223 
9945 
347 
6701 
5921 
8377 
799 
8745 
5829 
8491 
8035 
1577 
7685 
8881 
8073 
9371 
2329 
5249 
4729 
4481 
2257 
2537 
5667 
7977 
3195 
9235 
3259 
1197 
1183 
4591 
4269 
3993 
4153 
3237 
9981 
9521 
2067 
8883 
8057 
7443 
1989 
5929 
8189 
6393 
1469 
8255 
1053 
7017 
1031 
9901 
71 
2869 
4061 
1613 
9005 
5755 
7535 
1059 
681 
6137 
3371 
9195 
8515 
1679 
1435 
2351 
8595 
9535 
6451 
6121 
4097 
7089 
51 
4857 
1435 
5509 
113 
1439 
4457 
3569 
7997 
9015 
6831 
8527 
1955 
8405 
9881 
7185 
7409 
7605 
1157 
3825 
9813 
5577 
1533 
6687 
1751 
9319 
5597 
2369 
6735 
6229 
6427 
8593 
3193 
4979 
4177 
4787 
9645 
5259 
2943 
217 
573 
1423 
4071 
5791 
6801 
3201 
1327 
3377 
4295 
4213 
9697 
8161 
5777 
1253 
7613 
8761 
1463 
4403 
6647 
1803 
7519 
6653 
2071 
7855 
6975 
9437 
3173 
2251 
8449 
731 
9383 
3091 
2935 
6091 
8693 
2315 
1447 
2795 
7785 
2883 
2635 
2313 
4719 
9457 
8219 
2257 
6413 
5189 
1915 
4621 
3805 
3727 
7087 
339 
7063 
5821 
4511 
561 
1259 
2219 
1089 
845 
4047 
6219 
2729 
2545 
2609 
5955 
5893 
3227 
2093 
1465 
5631 
8001 
1265 
8987 
3401 
4369 
2883 
1265 
4393 
217 
4131 
403 
7995 
4447 
2901 
8597 
1451 
5421 
7233 
3163 
8985 
6063 
3301 
3783 
6841 
8443 
2985 
5007 
5727 
3033 
1723 
1389 
2311 
2109 
4257 
3201 
1147 
1947 
5271 
4259 
4837 
2923 
5715 
1691 
6263 
5605 
6695 
9411 
5105 
8661 
949 
7821 
5547 
8907 
51 
241 
5325 
3371 
1425 
7319 
3511 
3173 
2759 
8375 
4845 
2013 
6363 
1911 
1133 
4773 
6079 
6839 
6445 
3037 
1369 
2581 
779 
3847 
9091 
6783 
7737 
5633 
7747 
7619 
2947 
7339 
2363 
5255 
2999 
5565 
9081 
6617 
1595 
3929 
5333 
9077 
4671 
9259 
2313 
6495 
3741 
7241 
5553 
6431 
2081 
4191 
5603 
9361 
4781 
1103 
7557 
4289 
1625 
1727 
3279 
9831 
5553 
91 
9641 
9177 
9235 
4327 
2457 
3567 
9925 
5133 
8293 
3779 
3073 
7475 
3729 
881 
4839 
5561 
1603 
4727 
8671 
8605 
3563 
2819 
5305 
541 
3745 
6669 
1937 
5141 
8273 
6583 
3905 
557 
6209 
1775 
2919 
3893 
7669 
6611 
7557 
1629 
1843 
1477 
2755 
715 
8627 
4109 
8593 
6879 
9559 
801 
9615 
4877 
963 
8031 
3931 
3433 
5913 
93 
6967 
9813 
571 
2443 
6661 
2395 
1603 
6687 
3709 
3903 
4509 
3821 
7387 
1933 
259 
3083 
6581 
6885 
7645 
9849 
9983 
8715 
6331 
4465 
2061 
2971 
399 
7401 
5617 
1701 
5241 
5785 
3821 
5183 
4837 
6007 
2663 
5051 
477 
5131 
8153 
1735 
5969 
6171 
7493 
8201 
4437 
4301 
65 
4069 
5157 
7807 
5135 
4213 
1075 
6931 
29 
6469 
8357 
5627 
2263 
4923 
8691 
3777 
5951 
3355 
621 
3129 
3863 
2413 
3999 
2737 
8599 
7909 
9553 
5575 
2543 
2055 
8575 
1369 
1721 
9779 
4433 
8089 
9621 
7213 
5249 
8067 
4691 
2153 
3653 
949 
9321 
8203 
3325 
7019 
2887 
867 
5029 
8343 
4709 
8603 
1363 
5385 
4511 
1923 
3743 
5493 
4815 
8337 
6593 
2501 
1117 
3459 
2449 
9437 
1661 
4779 
7269 
6035 
9047 
2867 
4131 
5941 
4913 
7119 
4003 
9913 
8289 
5815 
2159 
541 
5657 
8309 
8053 
8217 
4157 
2397 
9439 
3965 
4055 
6161 
6131 
6971 
4897 
4897 
5727 
19 
683 
5331 
719 
8059 
4403 
989 
2349 
1203 
4729 
3757 
9231 
6511 
151 
6783 
79 
2899 
123 
1733 
4669 
547 
6353 
5081 
3225 
6991 
8375 
4053 
7763 
8407 
5763 
4969 
7819 
463 
287 
6787 
1339 
6787 
1451 
8793 
8271 
5655 
8585 
6617 
591 
6625 
9731 
5995 
6255 
6085 
7133 
7113 
693 
6963 
7331 
317 
3077 
3427 
4277 
1833 
4107 
4507 
8529 
1071 
7401 
7689 
3585 
4387 
3651 
2125 
455 
6703 
609 
6067 
3635 
7823 
6041 
5979 
7617 
1025 
7469 
7855 
9187 
3769 
3215 
2835 
6145 
2459 
4665 
2471 
983 
9101 
1849 
6141 
8769 
4715 
8979 
4429 
3673 
9523 
5355 
7521 
6313 
6737 
8951 
2325 
6165 
1647 
4717 
7001 
5177 
4421 
5621 
6723 
551 
5057 
2937 
7807 
7923 
3429 
6865 
7321 
5377 
5879 
8751 
3465 
1575 
9501 
8697 
2095 
1359 
7129 
7579 
2295 
1069 
1859 
1483 
4739 
5661 
8673 
445 
4915 
163 
2927 
757 
6213 
2229 
6939 
8535 
5473 
7035 
7641 
6889 
3341 
1307 
3917 
1351 
2545 
3415 
5121 
8471 
1349 
1443 
8677 
8301 
97 
6617 
2717 
8613 
3909 
9841 
975 
3009 
3167 
6077 
8791 
3237 
8507 
1189 
9067 
9941 
8887 
1183 
1123 
9559 
5129 
6629 
4095 
1885 
5179 
4147 
6219 
9045 
4847 
7307 
8059 
3841 
9511 
4077 
7733 
5963 
2449 
8723 
6679 
6745 
6123 
4123 
4777 
4979 
3915 
7335 
8315 
8449 
5361 
9081 
1865 
885 
5523 
4533 
8563 
2271 
2967 
185 
6919 
511 
4067 
3469 
5145 
8673 
2415 
1475 
5031 
3135 
8775 
5285 
4085 
7615 
9165 
8365 
4283 
6029 
4637 
8561 
2275 
8965 
7257 
2619 
9337 
961 
3795 
1697 
645 
2073 
4627 
2925 
6895 
659 
7303 
6899 
9517 
5307 
6213 
2811 
3813 
2259 
8667 
5485 
8597 
3413 
8997 
9651 
3563 
653 
6245 
5991 
8701 
3841 
3661 
8533 
8429 
9613 
1967 
5743 
7367 
3637 
8941 
3733 
6475 
787 
6595 
3815 
713 
5553 
267 
3851 
5447 
613 
305 
7077 
349 
4907 
355 
1245 
8131 
933 
1245 
1299 
5009 
373 
2857 
1273 
7903 
6329 
3763 
1437 
6969 
9715 
1377 
8219 
7957 
1081 
941 
7559 
385 
3531 
2897 
661 
1133 
8559 
1601 
9529 
663 
6659 
7547 
593 
723 
9337 
4043 
2233 
2109 
9477 
8475 
741 
3925 
6209 
1157 
909 
5917 
2003 
2403 
7939 
51 
1703 
4655 
1891 
7049 
7821 
1525 
2733 
6507 
171 
15 
7485 
2591 
3707 
793 
7537 
6987 
4327 
9627 
4653 
2257 
2509 
3779 
9895 
5591 
8403 
9467 
4541 
3971 
1685 
2577 
9651 
2685 
5099 
7277 
2969 
1783 
7525 
5593 
3173 
7985 
6287 
5715 
5995 
4371 
7337 
6511 
8221 
2531 
5241 
2197 
1391 
2419 
8317 
6605 
2903 
1727 
5921 
6585 
9645 
9475 
7051 
9641 
327 
9331 
6631 
829 
9683 
859 
9155 
8683 
7079 
6961 
4677 
3273 
9831 
8667 
7539 
2801 
9531 
3889 
7305 
2983 
5381 
2171 
1101 
3527 
6851 
2283 
9135 
7337 
7659 
537 
6753 
9321 
5099 
159 
5943 
1293 
9561 
6811 
419 
2223 
6191 
8473 
7849 
5821 
5497 
369 
7791 
221 
2485 
2137 
8047 
5951 
8991 
4365 
6003 
8165 
9525 
9677 
9069 
4683 
4603 
2125 
381 
2981 
6287 
7625 
1209 
2425 
1275 
6813 
9763 
6625 
7727 
1399 
9655 
6325 
2979 
8657 
9499 
335 
8519 
8001 
6567 
123 
2483 
8245 
8231 
481 
4113 
3471 
6253 
2507 
7297 
1517 
5401 
667 
9973 
8463 
3913 
937 
7285 
4249 
6909 
4181 
9503 
9037 
2437 
6633 
2865 
293 
6691 
2455 
3461 
2605 
5289 
6723 
2495 
5063 
6785 
2877 
3317 
4103 
9365 
1639 
1541 
4261 
3303 
5581 
5655 
9121 
4635 
4851 
3129 
9065 
6215 
1935 
5651 
1989 
7235 
5347 
3665 
551 
2525 
2229 
8849 
171 
2523 
2693 
4283 
125 
9039 
1191 
6791 
6861 
3313 
4729 
6985 
3379 
4469 
5757 
6547 
2933 
461 
6867 
5811 
5761 
9339 
5097 
2985 
2407 
3317 
7367 
9743 
3033 
4461 
5899 
8325 
7479 
2645 
1489 
3599 
5259 
589 
553 
7853 
9711 
6573 
601 
3249 
3505 
151 
3029 
3757 
5985 
8181 
7925 
1757 
1417 
5589 
5013 
2077 
3207 
4797 
3569 
9327 
8161 
5507 
7253 
2927 
9819 
